4 4 0.4 0.2 0.2 0.2 0.2 0.4 0.2 0.2 0.2 0.2 0.4 0.2 0.2 0.2 0.2 0.4 
4 4 0.4 0.2 0.2 0.2 0.2 0.4 0.2 0.2 0.2 0.2 0.4 0.2 0.2 0.2 0.2 0.4 
1 4 0.241896 0.266086 0.249153 0.242864 
1000 0 1 2 3 3 0 0 1 1 1 2 2 2 3 0 0 0 1 1 1 2 3 3 0 0 0 1 1 1 2 3 3 0 1 2 3 0 1 1 1 2 3 3 0 1 2 2 3 0 0 0 1 1 2 2 3 0 1 1 2 3 0 1 2 2 2 2 3 0 0 1 2 3 0 1 1 2 3 3 3 0 0 1 1 1 1 2 2 3 3 3 0 1 2 3 3 3 3 0 1 1 2 2 3 0 0 0 0 0 0 0 0 0 1 1 1 1 1 2 2 2 3 3 3 3 0 1 1 1 1 1 2 2 2 2 2 2 2 2 2 2 3 3 3 0 1 2 3 0 1 1 1 2 3 0 1 1 2 2 2 2 2 3 0 1 1 1 2 2 2 2 3 0 0 0 0 0 1 1 1 1 2 2 3 3 0 1 2 3 3 0 0 0 0 0 0 1 1 2 2 3 0 0 1 1 1 1 1 1 2 3 3 0 0 1 1 1 2 3 0 0 1 2 3 0 1 1 2 3 3 0 0 0 1 2 3 3 3 0 1 1 1 1 2 3 3 3 3 3 3 0 1 2 2 2 2 2 2 3 0 1 1 1 2 2 3 3 3 3 0 1 2 3 0 0 0 1 1 2 2 3 0 0 0 0 0 0 0 1 2 2 2 3 3 3 3 0 0 1 2 2 2 3 3 3 0 0 1 2 2 3 0 0 0 0 1 1 1 2 3 3 3 3 3 3 3 3 0 1 2 3 0 0 1 2 3 3 3 0 0 0 0 0 1 1 1 1 2 3 0 0 0 1 2 2 3 3 0 0 0 1 1 1 1 1 2 3 3 3 3 0 1 1 1 2 2 3 0 1 2 3 3 3 3 0 0 0 0 1 2 3 3 0 1 2 2 3 3 0 0 1 1 2 3 3 0 1 2 2 3 3 3 0 0 1 1 2 3 3 3 3 0 0 1 1 2 3 3 0 1 2 3 0 1 1 2 2 3 0 1 2 3 3 0 1 1 1 2 2 2 3 3 0 0 1 1 1 1 1 2 3 3 3 0 1 1 2 2 2 2 3 3 0 0 1 2 3 0 1 1 2 2 2 2 3 0 0 1 2 2 3 0 0 0 0 0 1 1 1 2 3 0 0 1 2 3 3 0 0 0 1 2 2 2 3 3 0 0 0 1 2 2 2 2 2 3 0 1 1 2 3 0 0 1 1 1 2 2 3 0 0 0 0 1 1 1 2 2 3 0 1 1 1 2 2 2 3 3 0 0 1 2 2 3 3 3 0 1 1 2 3 0 0 0 0 0 1 2 2 2 3 3 3 0 0 0 1 2 3 0 1 1 2 3 3 3 0 1 2 2 2 3 0 0 1 1 1 1 2 3 3 0 0 0 0 1 2 3 3 3 0 0 0 1 1 2 3 0 1 1 1 1 2 2 2 2 2 2 3 0 0 0 0 1 2 2 2 2 3 0 1 2 2 3 0 1 2 3 0 1 2 3 0 0 0 1 1 2 2 3 3 0 1 1 1 1 2 2 3 3 0 1 1 1 2 2 2 3 3 3 0 1 1 2 3 3 0 1 2 3 0 0 0 0 1 2 3 0 0 0 0 0 0 1 2 2 3 3 0 0 1 2 3 0 1 2 2 3 0 0 0 1 1 2 2 2 2 2 3 3 3 3 3 0 1 2 2 3 3 3 3 3 0 0 1 1 2 2 3 0 0 1 2 2 3 3 3 0 0 0 1 2 2 2 2 3 3 0 1 2 3 0 0 1 1 1 2 2 3 0 0 1 1 2 2 2 3 3 0 0 1 1 1 1 1 2 3 3 3 0 1 2 2 2 2 3 3 3 3 3 3 0 0 0 0 0 0 1 2 3 0 0 1 1 1 2 3 0 0 1 1 2 2 2 2 3 3 3 0 1 1 2 2 2 3 3 0 0 0 0 0 0 1 2 2 3 3 0 0 0 0 0 0 1 2 3 3 3 0 1 1 1 2 2 2 2 2 3 3 3 0 1 2 2 2 3 3 3 3 0 0 0 0 1 2 3 3 3 3 3 3 0 0 1 1 1 1 2 3 0 1 2 3 0 1 1 2 3 3 3 0 0 0 0 1 1 2 3 3 3 3 0 0 1 1 1 2 2 2 2 2 2 3 3 0 0 0 1 2 3 0 0 1 1 2 2 3 3 3 3 3 0 0 1 2 2 2 2 3 0 0 1 1 1 1 1 2 3 3 0 0 1 1 1 2 3 3 3 0 0 

4 4 0.2 0.4 0.2 0.2 0.4 0.2 0.2 0.2 0.2 0.2 0.2 0.4 0.2 0.2 0.4 0.2
4 4 0.7 0.1 0.1 0.1 0.1 0.7 0.1 0.1 0.1 0.1 0.7 0.1 0.1 0.1 0.1 0.7
1 4 1.0 0.0 0.0 0.0
1000 1 0 1 0 2 3 0 1 0 1 2 3 2 0 1 0 3 2 3 2 3 2 1 0 1 0 1 2 3 2 0 2 1 0 1 3 2 3 2 3 2 1 0 1 0 1 0 1 0 1 0 1 0 1 0 1 0 1 0 1 2 3 2 0 1 0 1 2 3 2 3 0 3 2 1 0 3 2 1 2 3 0 1 0 1 2 0 3 0 1 0 3 0 1 2 3 1 2 3 2 1 0 1 0 3 2 3 2 1 2 1 0 2 1 3 2 3 2 3 1 0 1 0 3 2 3 2 0 1 0 2 1 0 1 0 3 1 0 1 0 2 1 0 3 2 3 2 3 2 3 0 1 2 1 0 1 0 1 0 3 2 3 2 0 1 3 2 3 2 3 0 1 0 3 2 3 2 3 0 1 3 2 3 1 0 1 0 3 1 0 1 2 3 0 1 0 3 2 3 0 1 0 1 2 1 0 3 0 1 0 1 3 2 3 1 0 1 2 1 0 3 2 1 0 2 3 1 2 3 2 3 2 3 2 3 0 3 0 1 2 3 2 1 3 2 0 3 2 3 2 3 2 1 0 1 3 0 1 3 2 3 2 0 3 2 3 2 3 2 3 0 1 0 1 2 3 2 3 2 1 0 1 0 3 0 1 0 2 3 0 1 0 1 0 1 2 1 0 1 0 1 3 2 3 2 3 2 3 0 2 1 2 3 2 3 2 0 1 0 1 0 1 0 3 2 3 2 3 0 1 0 1 0 2 3 2 3 2 3 2 3 2 1 0 2 3 2 3 0 1 2 3 2 1 0 1 2 0 3 1 0 1 0 3 0 2 3 1 0 1 2 1 2 3 0 3 0 1 0 3 2 1 0 1 0 3 2 0 1 0 1 2 3 0 3 2 1 0 3 2 0 1 0 1 0 1 0 1 0 1 2 0 1 3 2 3 2 3 0 2 1 0 3 2 1 0 1 0 1 0 2 3 2 1 0 1 0 1 0 1 2 3 0 1 2 0 1 0 1 0 1 0 1 0 3 2 1 0 1 0 1 0 1 2 3 2 3 0 1 0 1 0 3 2 3 2 1 2 1 0 1 0 1 2 3 2 3 2 3 2 3 0 3 0 1 0 3 2 3 2 3 2 1 2 3 2 3 2 3 0 1 3 0 2 1 0 1 0 1 3 0 1 0 1 0 1 0 3 2 3 2 1 0 1 3 1 0 1 0 3 0 1 0 2 3 2 3 2 3 2 3 2 1 2 3 2 3 2 1 0 1 0 1 2 3 2 3 2 1 0 1 2 1 0 1 3 0 3 2 3 2 3 0 1 0 1 2 3 2 1 0 1 0 1 3 2 1 0 3 2 1 0 3 2 3 2 0 1 0 1 2 3 0 2 3 2 3 2 1 0 1 2 3 2 1 0 1 3 2 0 1 2 3 0 2 3 2 3 0 1 0 1 2 3 2 0 1 0 3 2 0 1 0 1 0 1 0 1 0 1 0 1 3 2 3 2 1 2 3 2 1 0 1 0 1 0 1 0 3 0 1 0 1 0 3 0 1 0 1 2 3 0 1 0 3 0 1 0 1 0 1 2 3 0 1 0 3 0 1 0 1 2 3 0 1 0 1 2 1 3 0 1 0 1 0 1 0 3 2 3 2 3 2 1 0 1 0 1 3 0 3 0 1 2 3 1 3 2 3 2 1 3 1 2 1 0 1 0 1 0 2 1 0 1 0 1 2 3 2 1 0 2 3 2 3 2 3 2 3 0 3 2 3 0 1 2 3 2 3 2 3 2 3 1 0 1 0 1 0 1 2 0 3 0 3 2 0 3 2 1 0 1 0 1 0 1 2 3 2 3 2 1 2 3 0 1 0 3 2 0 3 2 0 1 0 1 0 3 0 1 0 1 2 3 2 3 2 1 0 1 0 1 2 3 2 3 2 3 2 1 0 1 0 1 0 3 0 1 2 1 0 3 2 3 2 3 2 0 3 2 3 2 3 0 1 2 3 1 0 1 0 3 2 3 2 1 2 3 0 3 2 3 2 3 2 1 2 3 2 3 2 1 2 3 2 3 2 3 2 1 0 1 0 1 0 3 2 3 0 3 2 3 2 3 0 1 2 1 0 3 0 3 2 3 2 3 2 0 1 2 3 0 1 0 1 2 0 1 0 1 0 1 0 1 3 2 1 0 1 0 1 0 1 0 3 2 3 2 1 0 1 0 1 0 3 2 1 0 1 0 1 0 1 3 2 3 0 3 0 1

3 3 0.800000 0.100000 0.100000 0.100000 0.800000 0.100000 0.100000 0.100000 0.800000
3 2 0.600000 0.400000 0.400000 0.600000 0.400000 0.600000
1 3 1.000000 0.000000 0.000000
1300 1 1 1 1 1 1 1 1 1 1 1 1 1 1 1 0 1 1 1 1 0 1 1 1 1 1 1 1 1 1 1 1 1 1 0 1 1 1 1 1 1 0 0 1 1 1 0 1 1 0 0 1 1 1 1 0 1 1 1 1 1 1 1 0 1 1 0 0 1 1 1 1 1 0 1 1 1 0 1 0 0 0 1 0 0 0 0 0 1 1 1 1 1 0 0 0 1 1 1 1 0 1 0 1 1 1 1 1 1 1 1 1 1 1 1 1 1 1 1 1 1 0 1 1 1 1 1 1 1 0 0 0 0 0 0 0 0 1 1 0 0 0 0 1 1 0 0 0 0 0 1 0 0 0 1 0 1 1 1 0 1 1 1 0 1 0 0 1 0 0 1 0 0 0 0 0 1 0 1 0 1 1 0 1 1 0 0 1 1 1 1 1 1 1 1 1 1 1 0 0 1 1 0 1 0 1 1 1 1 0 1 0 1 1 1 1 1 1 1 1 0 1 1 0 1 1 1 1 1 1 1 1 0 1 1 1 1 0 0 0 0 0 1 1 1 1 1 1 1 1 1 1 0 0 0 1 1 1 1 1 1 1 1 1 1 1 1 1 1 1 1 1 0 1 0 1 1 1 1 1 0 0 1 1 1 1 1 1 1 1 1 1 1 1 1 1 0 1 1 1 0 1 1 1 0 0 1 1 1 0 0 1 1 0 1 1 1 1 1 0 0 0 0 0 1 1 0 0 0 1 1 1 0 0 0 0 0 1 0 0 0 0 1 0 0 1 1 0 1 0 1 0 0 0 0 1 1 1 0 1 0 0 1 1 0 1 1 1 1 1 1 1 0 0 0 1 1 1 0 1 0 0 1 1 0 1 1 0 1 1 1 1 1 1 1 0 1 0 1 1 1 1 1 0 1 1 0 1 1 1 1 1 1 0 1 1 1 1 1 0 1 1 0 0 0 1 0 1 0 1 1 1 1 1 1 0 1 1 1 1 1 1 1 0 0 1 0 0 1 1 0 1 1 0 1 1 1 1 1 1 0 0 1 1 1 1 1 1 1 1 1 1 1 1 1 0 1 1 1 0 1 1 1 1 1 1 1 1 1 1 0 1 1 0 0 0 1 1 1 1 1 0 0 0 1 1 1 1 1 0 1 1 1 1 0 0 1 0 1 0 1 1 0 0 1 0 0 1 1 1 1 1 1 1 1 1 1 1 1 0 1 0 1 0 0 1 0 1 0 1 1 1 1 1 0 1 1 0 1 0 1 1 1 1 1 1 1 1 0 1 1 1 0 1 1 1 1 1 1 0 0 1 1 1 1 1 0 0 1 0 0 0 0 1 0 1 0 1 0 1 1 0 0 1 1 1 1 0 1 1 1 1 1 1 0 1 1 1 0 1 1 1 1 1 1 1 0 1 1 1 0 0 1 1 1 1 1 1 0 1 1 0 0 1 1 1 1 1 1 1 1 1 1 1 1 1 1 1 1 1 1 1 0 0 0 0 0 0 0 0 1 1 1 0 1 0 0 1 1 1 1 1 1 1 1 1 1 1 1 1 1 1 1 1 1 1 1 1 1 1 0 1 1 1 1 1 1 1 1 0 1 1 1 1 1 1 1 1 0 1 0 1 0 1 0 0 0 0 0 0 0 0 0 0 0 1 1 1 1 1 1 0 0 0 1 0 0 0 1 0 1 0 1 1 1 1 1 1 0 1 1 1 1 1 1 1 1 1 0 1 1 1 1 1 1 1 1 1 1 1 0 1 1 1 1 1 1 0 0 0 1 0 1 1 0 1 1 0 0 0 0 0 0 0 0 1 0 1 1 1 1 1 1 1 1 1 0 1 1 1 1 1 1 0 0 1 0 1 1 1 1 1 1 1 1 1 1 1 1 1 1 1 1 1 1 1 1 1 1 0 1 1 1 0 0 1 1 1 1 1 1 1 1 1 1 0 1 1 1 1 1 0 1 1 1 0 1 0 1 1 1 0 0 0 0 0 0 0 1 1 1 0 1 1 1 1 0 0 1 1 1 1 1 0 1 1 1 1 1 1 1 1 1 1 0 0 0 0 0 0 0 0 0 0 1 0 1 1 0 0 1 1 1 1 1 0 0 1 0 0 1 0 1 1 1 1 1 1 1 1 1 1 1 1 1 1 0 1 0 1 1 1 0 0 0 0 0 0 0 0 0 0 0 1 1 1 1 0 1 1 1 1 1 1 0 0 1 1 1 1 1 1 1 1 1 1 1 1 1 1 1 1 1 1 1 1 1 1 1 1 1 1 1 1 1 1 0 0 1 0 0 1 0 1 0 1 1 1 1 1 1 1 1 1 1 1 1 0 0 1 0 0 0 0 0 0 1 0 1 1 1 1 1 1 1 1 1 1 0 0 0 0 0 1 1 1 1 1 1 1 1 0 0 0 1 0 0 0 1 1 0 1 1 0 1 1 1 1 1 0 1 0 1 0 0 0 1 1 1 0 0 1 0 0 0 0 1 1 1 1 1 1 0 1 1 1 1 1 1 1 1 1 1 0 0 0 1 1 1 0 0 0 1 0 0 1 1 0 0 0 1 0 1 1 0 0 0 1 0 1 1 1 1 1 1 1 1 1 1 1 0 1 0 0 1 0 1 0 1 1 1 1 1 1 1 1 1 1 1 1 1 1 1 1 0 1 1 1 0 0 1 1 1 1 1 0 1 0 0 0 0 0 0 1 0 0 1 1 1 1 1 1 1 1 0 0 0 0 0 0 0 1 0 1 0 1 1 1 0 1 1 1 1 1 1 1 1 1 1 1 0 1 1 0 1 1 1 1 0 0 0 0 0 0 0 0 0 1 1 1 1 1 1 1 0 0 1 0 1 0 1 0 0 0 1 0 1 0 1 0 1 0 1 1 0 1 0 0 0 1 1 0 1 1 1 1 0 1 0 1